0
0
2640
ジョブ型雇用はもう古いっていう言葉に
1
2640
5160
えっもう古いの?と思って手を取ってしまったんです
2
5160
7620
このような変化の激しい時代というのは
3
7620
11380
もう先が見えないし仕事の中身も具体的に定義をして
4
11380
13740
そして契約するというのでは間に合わないわけです
5
13740
16600
そもそもジョブ型の限界というのが私はあると思っています
6
16600
18100
メンバーシップ型は開く
7
18520
19860
じゃあジョブ型に行こう
8
19860
23160
このもう二択しかないような話だったと
9
23160
27420
そこに新たな自営型というオプションを入れることで
10
27420
29240
その一つ語彙が増えると
11
29240
30860
自営型と呼んでますのは
12
30860
33820
組織に雇用されているか否かに関わらず
13
34160
39440
半ば独立自営のようにある程度まとまった仕事を一人でこなすという
14
39440
42220
自営型の場合には個人が主役なんですね
15
42220
47080
自分の能力と意欲に応じて範囲を膨らませることができます
16
50460
52420
皆さんこんにちはピボットの野島です
17
52420
54140
今回のピボットトークでは
18
54140
58200
新時代の自営型という働き方をテーマにお送りします
19
58200
62120
キャリアや働き方になんとなく不安を感じている皆さんの
20
62120
64180
一助になる考え方だと思いますので
21
64180
65760
ぜひ最後までご覧ください
22
65760
68500
本日のゲストは太田はじめ先生です
23
68500
69220
よろしくお願いします
24
70180
71580
太田先生はですね
25
71580
75200
同社大学の政策学部の教授でして
26
75200
79100
今は一貫して個人を生かす組織づくり
27
79100
81900
こういった組織論の研究をされてらっしゃるんですよね
28
82440
84900
20年も研究されていると
29
86220
87980
その賜物というんでしょうか
30
88200
92200
この自営型で働く時代という本がございまして
31
92200
95740
去年の11月に発売されたんですよね
32
95740
98400
実は私仕事とは全く関係なく
33
98400
103080
この本屋さんでジョブ型雇用はもう古いっていう言葉に
34
103080
105560
もう古いのと思って手を取ってしまったんです
35
106960
108580
これキーワードですよね
36
108580
110080
はい私はそう思っています
37
110800
113200
この自営型とは一体何なのか
38
113200
116360
ジョブ型雇用さらには今まで日本で言われていた
39
116360
117960
メンバーシップ型
40
118200
118860
の雇用
41
118860
121180
この違いはそれぞれ何なのか
42
121180
123720
さらには何で自営型がいいのかという話を
43
123720
124980
今日は伺っていきたいと思います
44
124980
126000
よろしくお願いします
45
126000
129860
本日は2つのパートに分けて収録させていただきます
46
129860
131720
前半ではジョブ型
47
131720
133140
メンバーシップ型
48
133140
134020
自営型
49
134020
137940
これらがそれぞれどんなものなのかというのを定義付けしていく
50
137940
141500
後半では日本が実はその自営型
51
141500
145000
先生が提唱する自営型と相性がいいんだよと
52
145000
148180
さらには日本がそれで再起できる可能性があると
53
148200
150560
いうお話を伺っていきたいと思います
54
150560
151600
よろしくお願いします
55
152360
155680
まずはこの3つの違いから教えていただけますか
56
155680
158240
まずメンバーシップ型ですけど
57
158240
162240
これは日本の伝統的な雇用形態でありまして
58
162240
165580
個人が組織のメンバーとして雇われて
59
166080
168980
それで会社から与えられた仕事をこなすのが
60
170120
172640
社員の働き方ですから
61
172640
176700
個人が組織や集団の中に溶け込んでいるわけですね
62
177400
182620
就寝雇用や年功制というのが典型的な制度です
63
183160
185760
ジョブ型というのは一人一人の仕事
64
185760
187760
ジョブが定義をされて
65
188280
190720
そして必要な能力や資格
66
190720
193020
それから報酬などが決められた
67
193020
194700
ジョブディスクリプション
68
194700
196620
職務記述書というもので契約する
69
196620
200560
つまり仕事で契約するのがこのジョブ型です
70
201180
204780
それに対して私が自営型と呼んでますのは
71
205460
206260
組織に
72
206700
208660
雇用されるか否かに関わらず
73
209100
212520
個人である程度まとまった仕事をこなす働き方
74
212520
214280
このように定義しています
75
214280
214920
なるほど
76
214920
217540
メンバーシップ型さっきもおっしゃってた通り
77
217540
220980
日本のいわゆる古き良きというのか
78
221400
224140
今までの雇用慣行だったと思うんですけれども
79
224140
227640
このジョブ型って最近結構働き方改革で
80
227640
232480
ある程度働く時間も改善されてきたから
81
232480
236320
次はジョブ型だみたいな雰囲気も出てると思うんです
82
236700
240060
そこでここがちょっと日本に合ってないんじゃないか
83
240060
242400
または中小企業からはいやいやできないよ
84
242400
244960
っていう声も出てきてると思うんです
85
244960
246460
そこはなぜなんですか
86
246460
248340
今おっしゃったように
87
248840
251680
これまでのメンバーシップ型からジョブ型へというのが
88
251680
254000
これはいわば既定路線のように
89
254420
257060
大企業を中心に取り入れようとしてますが
90
257060
260520
ただ実際にそれを導入する段階になると
91
260520
263340
どうも日本の環境に合わないということを
92
263340
264780
気づいているところが多いようです
93
265460
266600
それにはやはり
94
266700
269480
日本の法律の制度であるとか
95
269480
270980
労働市場だとか
96
271440
274820
あるいは社会観光 労使関係
97
274820
278800
そういった制度の特徴があって
98
279240
283340
それが日本にそのまま導入することを妨げているんだと
99
283340
284420
このように理解しています
100
284940
287160
というとやっぱり雇用制度というのは
101
287160
289860
社会システムの一部のようなものだから
102
290400
292180
野球をやってる人たちに
103
292180
294520
サッカーのルールを適用するようなもんだみたいな
104
294940
295900
おっしゃる通りですね
105
295900
296300
お話なんです
106
296300
296460
はい
107
296700
296940
そうですね
108
298420
299880
この形でいうと
109
300360
301780
メンバーシップ型は
110
301780
303520
そういった組織の中に
111
303520
305140
垣根なく人がいました
112
305140
307800
ジョブ型ではジョブディスクリプション
113
307800
310340
つまりはそれぞれが何をすべきかというのが
114
310340
314300
明確に分かれた箱に入っている組織という形だったんですよね
115
314760
316920
自営型は何なんですか
116
316920
321040
自営型は組織に雇用されなければ当然ながら
117
321040
323540
自営業 フリーランスで
118
324260
325840
組織 私は
119
326700
327900
自営型組織と呼んでるんですけど
120
328460
330040
一種のインフラ
121
330040
334180
つまり働く場という役割を組織が果たしていて
122
334800
338240
その上で個人が自律的に仕事をすると
123
338760
339520
このようなイメージですね
124
339520
342440
これで言うと組織のもう三角がなくって
125
342440
346300
土台のような形の上に人がそれぞれ立っている
126
346300
348040
こういう認識
127
348040
348180
そうですね
128
348780
352240
ですからメンバーシップ型にしてもジョブ型にしても
129
352820
355520
個人がまず前面に出るということがあまりない
130
355520
356680
組織の一員としては
131
356680
357920
一員として仕事をするわけですけど
132
357920
360620
自営型の場合には個人が主役なんですね
133
360620
362100
そこが大きな違いだと思います
134
363240
366760
これだけ見てるとまだまだ分からないという方も多いと思うんです
135
366760
371380
このジョブ型がなぜ日本にフィットしなかったのか
136
371380
372220
というところで
137
372220
375460
著書の中では三つの壁という表現で
138
375460
377680
先生が書かれていたと思うんです
139
377680
379900
それぞれ教えていただいてもいいですか
140
381220
386660
まずジョブ型というのは基本的にその組織での中で
141
386680
388960
自分のジョブを続けていくわけですが
142
388960
392900
当然ながらそのジョブが会社にとっていらなくなるという場合もあります
143
393440
398540
その場合欧米などはもっと良い条件のところを見つけて
144
398540
400940
転職するのが普通ですし
145
400940
403640
それから企業もこのジョブがなくなったら
146
404600
406740
もう解雇するということが可能ですけど
147
407160
411500
日本は判例上解雇権乱用の法理というのがあって
148
412100
414980
そのジョブがなくなったから解雇するということはできないわけですね
149
414980
416000
ですからその場合
150
416680
419960
例えば営業の人が今度は総務に行ってもらうとか
151
419960
422220
あるいは現場で販売してもらうとか
152
422220
426820
このようにジョブにこだわらずに雇用を続けることが求められている
153
426820
429300
これが第一の壁ですね
154
429300
430200
そうですよね
155
430200
434120
だからなかなか雇用側としても解雇がなかなかできないから
156
434560
437820
昨今言われている賃上げもなかなか難しいし
157
437820
441640
簡単には中途採用もできないしということで
158
442280
446240
そもそも企業に壁があるような形がありますよね
159
446820
447220
なるほど
160
447220
451600
そしてジョブで募集してはめ込める組織になっていない
161
451600
452660
これはどういうふうに
162
452660
456300
日本の場合には雇用して
163
457200
463160
そして人事が主導で与えた仕事があなたの役割ですよという
164
463160
464500
このようなイメージですね
165
465260
468000
ですから職種別の採用もしないし
166
468900
471460
それからローテーションで
167
472300
474960
自分が希望していないところにも移動される
168
474960
476660
こういうことがあるんですよね
169
476660
476660

170
476660
476660

171
476660
476660

172
476660
476660

173
476660
476660

174
476660
476660

175
476660
476660

176
476660
476660

177
476660
476660

178
476660
476660

179
476660
476660

180
476660
476660

181
476660
476660

182
476660
476660

183
476660
476660

184
476660
476660

185
476680
482980
つまりは日本でいうと例えば新卒採用一括採用で何百人も会社に入れて
186
483380
488000
ジェネラリストに育てるような働き方をさせるわけですよね
187
488000
493140
よく言えばジェネラリストでも実際は素人集団と言ってもいいと思いますね
188
493140
498480
ただそれは今までの日本にはメンバーシップ型という意味ではあってはいたんですよね
189
498480
505860
そうですね今までは特にものづくりとりわけ商品集大量生産の時代というのは
190
505860
513220
決まったものをいかに正確に早く作るかということが市場命令ですので
191
513580
518020
それにはあってたんですね決まった労働力を長い間確保して
192
518020
520740
そして徐々に育成していくというシステムですので
193
520740
526240
戦後高度経済成長を支えるためのシステムとしては非常にいい制度だったと
194
526240
527160
有効だったと思います
195
527840
531780
それが転職移動の壁として今立ちはだかっていると
196
532200
535760
そのジョブ型には既得権の壁というものもあるという
197
535760
537480
話ですがこれはどういう意味でしょうか
198
537480
540160
それはいわゆる年功制でですね
199
541920
547440
新規学卒で採用されたら毎年給料が上がっていくものだと
200
547440
551380
そして何年か経ったら地位も係長課長というふうに上がっていくという
201
551380
553820
こういう暗黙の前提がありました
202
553820
554200
そうですね
203
555200
559060
それがジョブ型では期待できにくくなるということですね
204
559060
563640
そうかまさに年功序列の恩恵が捨てられない
205
563640
563940
はい
206
565760
567500
日本の界育成の壁でいうとどうなんでしょう
207
567500
571780
日本の界にはいわゆる新卒一括採用で
208
571780
576840
知識も専門の技術もない学生を取ってきて
209
576840
582140
そしてその会社の中で一から育てて一人前にするという
210
582140
584980
このような育成の仕方が普通でした
211
585480
587580
ところがジョブ型になると
212
587580
591040
ジョブ型というのは基本的にそのジョブの要件に
213
591040
594540
合致する人を採用するということになっていますので
214
595080
595500
そうですね
215
595500
595520
そうですね
216
595520
595740
そうですね
217
595740
595740

218
595740
595740

219
595740
595740

220
595740
595740

221
595740
595740

222
595740
595740

223
595740
595740

224
595740
595740

225
595740
595740

226
595740
595740

227
595740
595740

228
595740
595740

229
595740
595740

230
595740
595740

231
595740
595740

232
595740
595740

233
595740
595740

234
595740
595740

235
595740
595740

236
595740
595740

237
595740
599400
新人が一人前になるまでにどのように育てるのかという
238
599820
603560
この社会的な合意とかシステムというのが日本にできていないですね
239
604400
607720
逆に言うと海外では特にアメリカなどでは
240
607720
611220
このジョブ型というのが観光例となっているわけじゃないですか
241
611740
613660
どうやって新人は育つんですか
242
614440
620080
聞いてみると最初はいわゆるアルバイトのような形で経験を積むとか
243
620080
621500
長期インターンとか
244
621500
622940
長期インターンとかですね
245
622940
625560
力がついたら本命に採用されるという
246
625560
627040
こういうパターンが多いようですね
247
627040
632580
だから大学がプレ社会人みたいなふうに扱われているのは
248
632580
634880
まさにその違いかもしれないですね
249
634880
640340
でもそれで言うと今日本では日本型ジョブ型みたいな
250
640340
644480
ジョブ型はそのまま受け入れるのは難しいから
251
644480
649140
日本式にしてみたよみたいなものもできてきていると思うんです
252
649620
651300
これはどういうシステム?
253
651500
654800
どのように先生は分析しているかというのを教えていただけますか
254
654800
658860
ジョブ型にはやはり2つ要件があると思うんですね
255
658860
660680
1つは先ほど申しましたけど
256
661440
664760
ジョブの定義を明確にして契約するということと
257
664760
668920
それからもう1つはジョブに沿ってキャリアを形成するということ
258
670520
674180
この多くの企業で取り入れている例を見ると
259
674180
675820
全社の方の条件
260
675820
679160
つまり仕事の定義はある程度しているんですね
261
679600
680160
ただそれは
262
680160
682640
あなたが配属されたそこでの仕事は
263
682640
685160
これがあなたのジョブですよという感じですので
264
685680
688660
ですから人事異動はやはりあるわけですね
265
688660
691420
ずっとその仕事をずっと続けていきたいと思っても
266
692260
693980
それはできないので
267
693980
695540
本当のジョブ型ではないと思います
268
695940
698940
じゃあその日本型でよく言われているのは
269
698940
703760
僕たちはこういうお仕事をしてくれる人を募集しています
270
703760
707320
というジョブディスクリプション型の確かに募集はしますと
271
707320
708700
それで人が来ます
272
708700
708900
はい
273
708900
710140
だけどその人が来ると
274
710160
711200
一度入っちゃえば
275
712020
715560
全然それのキャリアを上に行くというよりかは
276
715560
719860
横にスライドさせるような仕事の働き方が多いということですか
277
719860
721420
そうですね移動させるわけですね
278
722700
728480
採用の時もそのようにジョブ型で採用するとは限らずに
279
728880
731140
実際に今多くの人が働いているわけですから
280
731140
735380
その人の担当している仕事をこれをジョブとして
281
735880
740140
そして細かく定義をするというのが一般的な仕事です
282
740160
743800
でもそれは何か問題点というのはあるんですか
283
743800
748020
そもそも自分が好きでこの仕事に就いたのではないということがあります
284
748460
750240
たまたま人事異動でここに行って
285
750240
752540
それであなたのジョブはこれですよという
286
752540
756160
ここはやっぱり日本と欧米と全く違うところですね
287
756760
759580
ちょっとなんちゃって感があるということですね
288
759580
760440
おっしゃる通りですね
289
760440
763500
でもジョブ型でのメリットのところでいうと
290
763500
765200
どんなところがあるんですか
291
765200
769780
やはりジョブ型は仕事の専門がきちっとしてますので
292
770700
774300
例えば最近でいわゆるリスキリングなどもですね
293
774300
776380
この能力を身につければいいという
294
776380
778080
はっきりとした目標があるということ
295
778480
780280
それから転職をするのも
296
781580
784280
採用の時の条件が明確であれば
297
784280
787320
転職がしやすいとかこういったメリットがあります
298
787320
791840
でもそれがなかなか日本にはどちらもいいメリットとして
299
791840
794260
つまりは転職先がないとかそういったところで
300
794260
795640
壁があるからできないよと
301
795640
798120
ジョブ型のデメリットは何なんですか
302
798120
798460
はい
303
798460
802240
ジョブ型のデメリットで一番大きいのはやはり硬直性でしょうね
304
802240
803140
硬直性
305
803140
803320
はい
306
803740
808460
ですからそれは日本に当てはまらないというだけではなくて
307
808460
811940
そもそもジョブ型の限界というのが私はあると思っています
308
812500
814240
日本におけるとかではなく
309
814240
814520
はい
310
814520
816540
もっと根本的な問題があると思います
311
816540
818260
ジョブ型そもそもに問題というのは
312
818260
819280
それはどういうことですか
313
819280
819760
はい
314
819760
823260
ジョブ型の生まれてきた背景というのは
315
823260
827640
もともと産業革命後に巨大な組織ができて
316
827640
828340
そして
317
828460
830700
大きな企業の全体の業務を
318
830700
831680
事業部
319
831680
832380
それから部
320
832380
832920
課
321
833640
835620
個人というふうにブレイクダウンして
322
835620
838560
そして一人一人の分担がきます
323
838560
839780
いわば分業ですね
324
839780
841300
そして契約するという
325
841300
843700
こういうスタイルから始まったものですが
326
844280
847000
これは安定した環境を前提にしているわけですね
327
847460
848800
当時と今とは
328
850240
853100
もう経済も社会も環境が大きく変わってきて
329
853600
855880
今は部課の時代と言われているように
330
855880
857680
変化が激しい時代ですので
331
857680
857940
はい
332
857940
858440
はい
333
858440
858440

334
858440
858440

335
858440
858440

336
858440
858440

337
858440
858440

338
858440
858440

339
858440
858440

340
858440
858440

341
858440
858440

342
858440
858440

343
858440
858440

344
858440
858440

345
858440
858440

346
858440
858440

347
858440
858440

348
858440
858440

349
858440
858440

350
858460
860480
このような変化の激しい時代というのは
351
860480
862000
もう先が見えないし
352
862000
864280
仕事の中身も今までのように
353
864900
866260
具体的に定義をして
354
866260
868740
そして契約するというのでは間に合わないわけですね
355
868740
872100
そこがやっぱり一番決定的な問題だと思います
356
872640
874240
その歪みみたいなものは
357
874240
878800
まさに今ジョブ型観光があるアメリカなどでは出ているんですか
358
878800
879960
やはりアメリカもあるんだと思います
359
880380
881580
ですからアメリカでも
360
882560
886880
イノベーションが90年代ぐらいから起きてきたのは
361
886880
887940
これは多くの場合
362
888460
889700
企業からスピンアウトして
363
889700
892240
シリコンバレーなどに適応した人ですので
364
892820
894840
ジョブ型が良かったから
365
894840
899180
海外で技術革新が起きたわけではなかったと
366
899180
902400
はいそれは本当に一部だと思います
367
903960
905100
面白いですね
368
905660
908360
そんな中今提唱されている
369
908360
910500
自衛型というのが
370
910500
913260
今まさにおっしゃっていたシリコンバレーなどで
371
913260
914520
広がってきている
372
914520
916440
そして世界にも広がってきているというのが
373
916440
917680
先生の分析ですが
374
917680
917920
はい
375
917920
919540
これはどういった働き方なんですか
376
919540
921360
それは先ほども申しましたけど
377
921780
924600
組織に雇用されているか否かにかかわらず
378
925140
927280
半ば独立自衛のように
379
927880
929300
ある程度まとまった仕事を
380
929300
930940
仕事一人でこなすという
381
931500
932880
このような働き方ですね
382
932880
934180
でもそれで言うと
383
934180
936920
まさにフリーランスの人たちのことを
384
936920
939100
私はイメージするのかなと思ったんですが
385
939480
943700
先生の本には自衛型と言われる中にも
386
943700
946860
3つの分類があるというお話なんですよね
387
946860
947060
はい
388
947060
948040
これを説明していただいていいですか
389
949400
950480
まず制度上
390
951660
953580
完全なフリーランスがあります
391
953580
955520
このフリーランスの中には
392
956340
957920
例えば商店のような
393
958480
960440
もう組織とあまり関係のない
394
960440
962620
フリーランスもあります
395
963260
965440
ただその人たちはとりあえず置いておくとして
396
965440
966440
それがまさに
397
967040
967900
図で言うと
398
967900
969400
Cに当たるところですね
399
969400
971140
完全な独立自衛
400
971140
972780
自分で会社を作ってる
401
972780
973820
または個人事業主
402
973820
975900
フリーランスの人たちをCに入れたと
403
975900
975960
はい
404
975960
976100
はい
405
976100
976180
!
406
976320
977640
これをさておき
407
977640
979820
他にも2つ自衛型があると
408
979820
981460
この中のBというのは
409
981860
984220
特にこのコロナ禍で広がってきたのは
410
984820
986160
会社の社員から
411
987020
989240
もう業務委託に切り替えるというところが
412
989240
990000
増えてきてますので
413
990000
991800
ですから身分的には
414
992580
994060
独立自衛だけれども
415
994560
998040
実際は会社の中の業務の一部を請け負うとか
416
999420
1002520
一つのプロジェクトを担当するというような形で
417
1002520
1004380
組織に関わりながら仕事をする
418
1004760
1005900
こういう形態です
419
1006720
1007740
これで言うと
420
1007740
1007900
はい
421
1007900
1011040
例えば会社の中でも
422
1011040
1011380
はい
423
1012380
1015080
例えば今まで正社員だったけれども
424
1015080
1015360
はい
425
1015960
1021560
フリーランスとして会社と契約しているというような形の人のこと
426
1021560
1022100
はいそうです
427
1022100
1022980
うーん
428
1023520
1026340
これはCとは別と考えた方がいいんですか
429
1026340
1026600
そうですね
430
1026600
1032180
働く上では社員とそれほど変わりがない場合によっては
431
1032180
1035880
会社の中で社員と机を並べて仕事をしているというケースもあるんですけど
432
1035880
1035880

433
1035880
1035880

434
1035880
1035880

435
1035880
1035880

436
1035880
1035880

437
1035880
1035880

438
1035900
1038160
まさにピボットはそれで
439
1039120
1042200
業務契約の人もいれば正規社員もいる
440
1042200
1044940
だけどみんな同じように働いていて
441
1044940
1049320
誰が正規で業務委託かというのが分からないような
442
1049680
1050980
働き方にはなっているんです
443
1050980
1053540
でもそれで言うとまさにこのプロジェクトごとに
444
1053540
1056400
そういう実は業務委託の人たちがいるんだよみたいなイメージですよね
445
1056400
1057060
おっしゃる通りです
446
1057060
1060220
ですからもう今この2つの縁
447
1060220
1062860
この境界というのが曖昧になっているわけですね
448
1062860
1065160
つまり雇用と自衛との
449
1065560
1065880
境界というのが曖昧になっているわけですね
450
1065900
1067580
境界がとても曖昧で
451
1068480
1072840
単なる身分上制度上の違いにしか過ぎないという
452
1073420
1073740
ありがとうございます
453
1075340
1077040
最後に気になるのがこのA
454
1077040
1078800
自衛型社員
455
1079340
1084620
企業によっては特にデジタル化の影響を受けて
456
1085480
1088460
1人の守備範囲が広がってきているんです
457
1088460
1091680
つまり従来だったらこれだけしかできなかった
458
1091680
1095600
あるいは1つのプロジェクトを多くの人で一緒にしないといけなかった
459
1095600
1095880
そういうのがあって
460
1096420
1098080
それがデジタル化によって
461
1098780
1101600
他の人と容易につながるようになったり
462
1101600
1104780
あるいは周辺の業務を外注したり
463
1105240
1109320
あるいはもうさまざまなITのツールを使うことによって
464
1109940
1112740
1人である程度まとまった仕事を行わせるようになってきた
465
1112740
1116460
その人たちが今急速に増えてきていますので
466
1116460
1118540
つまりはこのAにあたる人たちは
467
1118540
1122120
会社に雇われている正社員であるにもかかわらず
468
1122120
1125700
その業務範囲が幅広くなっているがゆえに
469
1125900
1129000
自営型社員になっているという状態のことですね
470
1129000
1129540
そういうことですね
471
1131020
1133600
でもそんな人たちっているんですか
472
1133600
1136360
はいいろいろな業種に広がってきています
473
1137220
1141800
例えば生産現場なんかは一番自営型に向かなかったりですけど
474
1142300
1147220
今は一人で機械の組み立てを任されて
475
1147580
1152320
そして会社全体の製造のプロセス進捗状況を見ながら
476
1152320
1154740
自分の仕事をこなしていくという
477
1154740
1155680
こういうスタイル
478
1155900
1156520
そういうスタイルが増えてきていますし
479
1156920
1161560
あるいは営業でもこの地域は全部自分が見ると
480
1161560
1167560
情報はITなどで随時仕入れてこられる
481
1167560
1169140
それを見ながら営業をするとか
482
1170040
1175700
あるいは製造でも開発からマーケティングまで一人で見るとかですね
483
1176140
1177720
こういったスタイルが増えてきていますね
484
1178180
1182760
それでいうと結構当てはまる日本人も多いイメージがありますけれどもね
485
1182760
1182880
多いと思います
486
1182880
1184960
もちろん例えば私業の方とか
487
1184960
1185420
はい
488
1185900
1189220
私の友人でいうと弁護士大手事務所に所属しているけれども
489
1189220
1194320
実は個人事業主として会社と契約しているような形になっていて
490
1194320
1197920
ちゃんと自分にも税理士さんがついていてみたいな人もいるわけですよね
491
1197920
1198060
はい
492
1198060
1200480
これは自営型社員に当たるわけですか
493
1200480
1200960
はい
494
1201420
1203340
契約をどうしているかによりますけど
495
1203880
1205760
自営型社員のイメージです
496
1206200
1211760
でもこういったのが私業とか保険の営業とかにも限らず増えてきている
497
1211760
1212580
そういうことですね
498
1212580
1215200
この自営型社員が増えることによって
499
1215200
1215780
はい
500
1215780
1215880
はい
501
1215880
1215880

502
1215880
1215880

503
1215880
1215880

504
1215880
1215880

505
1215880
1215880

506
1215900
1215980
!
507
1215980
1218740
日本経済にはどんな良いことがあるんですか
508
1218740
1218940
はい
509
1218940
1221500
一つはモチベーションが上がります
510
1221980
1224920
つまり命令されたり強制されたりするのではなくて
511
1224920
1227180
自分の意思で自分が仕事をするという
512
1227860
1229880
そして夢が無限大になるわけですね
513
1230620
1232920
実力次第で大きな仕事ができる
514
1232920
1234700
場合によっては会社を飛び出して
515
1234700
1237100
自分で会社を作るということもできますから
516
1237100
1239120
だから当然モチベーションが上がりますし
517
1239580
1241640
それから今までだったら
518
1241640
1245300
数人で行った仕事を一人で行わせるようになれば
519
1245300
1247820
少子化が進んでいますので
520
1247820
1250600
いわゆる労働力不足の中でも
521
1250600
1256700
いわゆる少数制で仕事をこなせるといったのも大きなメリットですね
522
1256700
1259180
そうか日本の課題としてそもそも
523
1259180
1261980
仕事へのモチベーションみたいなものが
524
1261980
1263840
めちゃくちゃ日本人って低いんですよね
525
1263840
1264080
そうですね
526
1264080
1266860
そこが一個問題点としてあって
527
1266860
1269800
二つ目に今叫ばれている人材不足
528
1269800
1271760
少子化の影響というところの
529
1271760
1274740
この二つにまさに処方箋のような
530
1274740
1274880
はい
531
1274880
1276780
働き方になるということですかね
532
1276780
1276860
そうですね
533
1277520
1278720
面白いですね
534
1278720
1280680
でもこのJ型社員
535
1280680
1285100
なんで海外ではもうすでに進んでいるんですか
536
1285100
1289420
やはり組織の枠組みといいますか
537
1289420
1290420
日本と違って
538
1290420
1294180
組織の中に個人を囲い込むということが
539
1294960
1296560
少なかったからだと思いますね
540
1296560
1297120
そもそもが
541
1297120
1300660
もともとアメリカなどでも
542
1301360
1303220
個人中心の社会ですので
543
1303220
1304740
それがまとまって
544
1304740
1306600
会社を作ったという感じですね
545
1307380
1308840
そういうのが日本と違うところですね
546
1310240
1313340
私がこの著書ですごく面白いなと思ったのが
547
1313840
1315400
今まで日本では
548
1315400
1317280
メンバーシップ型は悪い
549
1317840
1318960
じゃあジョブ型に行こう
550
1318960
1322280
このもう二択しかないような話だったと
551
1322280
1324240
著書の言葉を借りると
552
1324240
1328520
これは幼児が甘いか辛いかしかの言葉しか知らなくて
553
1328520
1331340
ぶどうを食べてこの二つで表現するようなものだと
554
1331340
1333160
すごく腑に落ちたんですよ
555
1333160
1333460
ありがとうございます
556
1333460
1334380
そこに
557
1334380
1337700
新たな自営型というオプションを入れることで
558
1337700
1339480
その一つ語彙が増えると
559
1339480
1343900
我々働く側の選択肢も一つ増えてくるんだよという話ですよね
560
1344960
1346240
それが見えると
561
1346240
1348200
このような働き方をしたいという人が
562
1348560
1350040
もっともっと増えてくるはずですね
563
1350040
1350520
そうですね
564
1350980
1353420
実際多分今の私の働き方って
565
1353420
1357900
多分この自営型社員またはインディペンデントコントラクター
566
1357900
1362020
つまりは独立した契約者業務委託みたいなものにもなると思うので
567
1362020
1363260
気持ちがいいんです
568
1363260
1363620
はい
569
1363620
1364360
この実際の働き方を
570
1364380
1365020
実は番組も
571
1365960
1368060
自分でまずこの本を読んで
572
1368060
1371060
この方にお話を聞きたいというところから始まり
573
1371060
1372920
アポイントメントを取り
574
1372920
1376480
このスタジオの準備をアレンジをし
575
1376480
1378060
先生をもてなし
576
1378060
1379860
この台本を作り
577
1379860
1381460
エンドまで自分でやる
578
1381460
1383960
初めてこれだけの裁量権をもらったんです
579
1384720
1385660
楽しいです
580
1385660
1386460
ありがとうございます
581
1386460
1388880
ワークエンゲージメント高まってます
582
1388880
1389460
そうですね
583
1389460
1391500
これは調査結果にも出てますね
584
1391500
1393440
日本人のワークエンゲージメント
585
1393440
1394360
世界最低のワークエンゲージメント
586
1394380
1394980
世界最低水準ですけど
587
1395400
1398680
法政大学の石山先生が行った調査によると
588
1398680
1400560
フリーランスのエンゲージメントは
589
1400560
1401840
欧米に遜色がないと
590
1401840
1402620
そうなんですか
591
1402620
1404900
フリーランスのエンゲージメントはとても高いんです
592
1404900
1405580
日本でも
593
1405580
1405860
はい
594
1407300
1411780
じゃあやっぱり正社員に問題があったということなんですか
595
1411780
1415460
日本の大企業の正社員に問題があるということですね
596
1415460
1416420
そういうことか
597
1416420
1419040
これを見てらっしゃる大企業の皆さんにも
598
1419040
1421400
ちょっとでも当てはまるという方がいらっしゃったら
599
1421400
1422980
こういった働き方一つ
600
1423380
1424360
考えていただければと思います
601
1424380
1424840
そうですね
602
1424840
1426920
シリコンバレーなどで
603
1426920
1430800
中心に広がってきているこの自衛型なんですけれども
604
1431320
1434380
例えばどんな働き方が具体的にあるんですか
605
1434380
1434820
はい
606
1434820
1436380
例えば日本人でもですね
607
1437440
1438900
日本の大企業にいて
608
1438900
1441680
そしてシリコンバレーに派遣されたと
609
1441680
1443920
そしてそこで仕事をしているうちに
610
1444500
1446340
自分の技術のようなのが
611
1446340
1448800
だんだん自信が持てるようになってきて
612
1448800
1450740
それで独立したと
613
1451160
1452020
独立して
614
1452020
1454080
そして元の会社や
615
1454380
1458380
あるいは世界にいる仲間とチームを組んで仕事をする
616
1458380
1460260
そうするうちに今度は
617
1460820
1462920
やはりもう少し組織の中で
618
1463480
1465300
自分を磨きたいなと思ったら
619
1465300
1467580
また今度は別の会社に就職するとか
620
1468200
1472260
このように入ったり出たりが自由自在なんですね
621
1472260
1474440
つまり自分の仕事をする上で
622
1475100
1476680
一番適した場
623
1477600
1479020
働き方はどうかという
624
1479020
1480520
こういう基準で選びますから
625
1480520
1481340
そうか
626
1481700
1484360
それとのジョブ型との違いって何だ?
627
1485180
1489620
ジョブ型は基本的に会社の中で
628
1489980
1493700
一部の仕事を分担するということですので
629
1493700
1495140
勝手に膨らませたり
630
1495560
1496940
縮めたりすることはできない
631
1496940
1497620
できないわけか
632
1497620
1501100
だから自分が例えば今膨らませたいな
633
1501100
1502800
ちょっとこの会社じゃ無理だなと思ったら
634
1502800
1505080
一回出て独立してそこを広げて
635
1505080
1506980
これ広がってきたなと思ったら
636
1506980
1508200
ちょっとこれ活かせるかもしれない
637
1508200
1510920
また会社に行ってそこでさらに知識を深めて
638
1510920
1512060
また出たりする
639
1512420
1514360
これがまさに自衛型なわけですよね
640
1514380
1514880
そうですね
641
1515640
1517120
なるほど分かりやすいですね
642
1517120
1518660
結構そういった人たちって
643
1518660
1521800
私の周りでも日本でも増えてるイメージがあるんです
644
1521800
1525720
大企業から一度外に出て独立したけど
645
1525720
1528060
また実は違う会社に入ったんだよ
646
1528060
1528860
みたいな人って
647
1528860
1530640
最近ちょっとずつ増えてますよね
648
1530640
1531180
増えてますね
649
1531180
1532660
特に若い人を中心に
650
1533560
1538000
それを変に日本型ジョブ型みたいな言い方で
651
1538000
1541780
小さい枠に収めようとしなくていいんだという発想ですね
652
1541780
1543160
まとめると
653
1543160
1544360
自衛型というものが
654
1544380
1545400
何なのか
655
1545400
1548300
3つの表にして見ていきたいんですけれども
656
1548300
1549960
これで教えていただくと
657
1549960
1551420
例えば職務範囲
658
1551420
1552300
そしてスキル
659
1552300
1555280
そして仕事がどのように与えられるか
660
1555280
1557820
この3つを簡単に教えていただいていいですか
661
1557820
1558240
はい
662
1558240
1559880
職務の範囲というのは
663
1559880
1561860
メンバーシップ型はもう曖昧です
664
1561860
1563600
もうみんなで一緒にというのが
665
1563600
1565240
基本的なスタンスですので
666
1565240
1567060
それに対してジョブ型は
667
1567060
1570460
会社から分業的に割り振られるわけですね
668
1571480
1572480
そしていわば
669
1572480
1574360
コンクリートの分野に
670
1574380
1575320
ブロックみたいなものなので
671
1575980
1579100
それぞれのブロックの仕事をこなすというのが
672
1579580
1580400
ジョブ型ですね
673
1580400
1581200
明確なんだ
674
1581200
1583000
ジョブディスクリプションがありますからね
675
1583380
1583980
その点
676
1584580
1585660
自衛型というのは
677
1585660
1588420
この範囲が大きくなったり小さくなったりする
678
1588860
1589560
その意味で
679
1589560
1590620
例えて言うと
680
1590620
1592360
私は自衛型というのは
681
1592360
1593680
石垣のようなものだと思っています
682
1594300
1596200
メンバーシップ型は例えて言うと
683
1596700
1599080
土塀のように仕切りがないわけですね
684
1599080
1602680
ジョブ型はブロックのようにきちっと決められている
685
1603200
1604360
自衛型は石垣のようなものだと思っています
686
1604360
1604360

687
1604360
1606080
大きなのもあれば小さなのもある
688
1606600
1607720
こういうイメージです
689
1607720
1609100
分かりやすいですね
690
1609640
1611360
ではスキルに関しては
691
1611360
1613080
例えばメンバーシップ型は
692
1613080
1615160
組織内に固有のスキル
693
1615160
1617740
つまりはその企業の中で
694
1618220
1619460
すごく生きるんだけど
695
1619460
1621660
転職の時に自分の強み
696
1621660
1624180
何って言っていいか分からないみたいなスキルのことですよね
697
1624180
1624400
そうですね
698
1625360
1627060
ジョブ型で言うとどうなんでしょう
699
1627400
1628600
ジョブ型の場合には
700
1630820
1632220
外部にも通用する
701
1633380
1634220
能力ですけど
702
1634580
1636380
その代わり範囲が狭い
703
1636380
1640340
それを勝手に広げたりすることもできないです
704
1640340
1643820
私はこれができますっていうものしかできない
705
1643820
1646160
会社から割り振られたものですね
706
1646860
1649880
でも自衛型だと幅広い専門スキルができると
707
1650620
1652640
自衛型の場合にはある程度
708
1652640
1654820
自分を広げていく
709
1655420
1657640
仕事の範囲を広げていくというのもできますので
710
1657640
1660400
自分の能力と意欲に応じて
711
1660400
1662460
範囲を膨らませることができます
712
1663680
1664000
最後
713
1664360
1666260
仕事のもらい方というか
714
1666260
1668440
仕事の作られ方で言うと
715
1668440
1671660
メンバーシップ型とジョブ型は与えられるんだと
716
1671660
1673680
つまりは組織に所属してるから
717
1673680
1676300
上から降ってくるようなっていう言い方が
718
1676300
1677580
正しいのか分からないですけど
719
1677580
1679260
そういったものですよね
720
1679260
1682620
ただ自衛型は仕事が自分ごとになる
721
1682620
1685260
もともとこの仕事を自分がやりたいのだと
722
1685260
1688620
そしてそれが社会にも価値があるんだということで
723
1689160
1692220
そこでいわば会社と個人とが
724
1692220
1693760
対等な関係で
725
1694820
1696320
仕事を決めていくという
726
1696320
1697520
こういうイメージですね
727
1698620
1700860
これは私の例になってはしまうんですけれども
728
1700860
1704440
もともとアナウンサーを1ヶ月半くらい前までやっていて
729
1704920
1706600
じゃあその時は確かに
730
1706600
1709320
今日のスケジュールって降ってくるように
731
1709800
1710840
つけられていました
732
1711340
1713500
なんだけど今は全く
733
1713920
1717020
今日何をするかって私に全て裁量権があって
734
1717020
1720020
ただ自分でやらないともちろん評価もされないし
735
1720020
1721820
お給料はもらえないという世界なので
736
1722200
1723420
そういったところで言うと
737
1723760
1725460
仕事はまさに自分ごとになったし
738
1725460
1729880
いかに皆さんに社会に還元するかということを考えるので
739
1730400
1732480
こういった働き方って一つ楽しいなって
740
1732480
1734400
今思えてる状況ではありますね
741
1734400
1737260
それによって個性というのが出てくるんだと思いますね
742
1737260
1739720
先生が一貫して研究されている
743
1739720
1742700
個が輝く組織づくりであったりとか
744
1742700
1746960
個が働きやすいエンゲージメントが高い仕事というのが
745
1746960
1749160
これで実現されるというようなイメージですね
746
1749520
1749880
そうですね
747
1749880
1752040
その特定の仕事だけではなくて
748
1752040
1753740
それをする上で
749
1753760
1755320
その上での交渉だとか
750
1755920
1757720
あるいは仕事の工夫だとか
751
1757720
1760040
そしたらこれとこれとを結びつけたら
752
1760040
1762200
もっと大きな仕事ができるとかですね
753
1762200
1765700
この辺りに個性とか能力が反映されると思います
754
1766080
1767920
そこは裁量権がないとできないところですね
755
1769160
1771600
日本的経営の強みと弱み
756
1771600
1773220
ジャパンアズナンバーワンが
757
1773620
1777060
もう一回狙えるんじゃないかという提唱されているわけですよね
758
1777060
1779040
デジタルが発達すると
759
1779040
1782200
人間にはアナログ的な能力が求められるようになってきますから
760
1782200
1783740
それを今まで生かしてきた人たちが
761
1783760
1785720
日本の組織というのは強みだと思います
762
1786220
1787860
共同体型の組織
763
1787860
1789860
個人を囲い込んでしまうということ
764
1790480
1792240
それが最大の弱みだと思います
765
1792240
1794440
まずもともと日本というのは
766
1794440
1796020
高度成長期までは
767
1796580
1799580
サラリーマンより自営業やフリーランスの方が多かったわけですね
768
1799580
1804280
職人気質が日本人っぽい働き方だったんですか
769
1804280
1804720
はい
770
1804720
1807840
だから日本の風土に合っているということが大きいです
771
1807840
1810040
自営型という新しいコンセプトでですね
772
1810040
1812420
それで世界をリードするようになってほしいと思います
773
1812420
1813460
ピボットでは
774
1813760
1815600
新たなメンバーの募集を始めました
775
1815900
1817120
ビジネスプロデュース
776
1817120
1817880
エンジニア
777
1817880
1818580
コーポレート
778
1818580
1819700
映像制作など
779
1819700
1821240
積極的に採用しています
780
1821680
1823180
ご応募はこちらのリンク
781
1823540
1825860
または概要欄のURLからお願いします
782
1826640
1829220
日本をピボットするコンテンツを一緒に作りましょう
