0
0
1800
やっぱり切らなきゃなんなくなっちゃう
1
2560
5040
そうするとどこから先が打てたみたいなことを
2
6640
8240
定義せざるを得なくなっちゃう
3
8240
10120
生きてる死んでるがもうできていそうで
4
10800
11560
しょうがないから
5
12360
15160
あの死亡診断書には
6
15680
17180
医者が書かなきゃなりませんからね
7
17180
17600
死亡届
8
17600
21500
その時に死亡時刻っていうのを入れるんですよ
9
22220
24960
何時何分に死んだっていう
10
25740
28080
そうすると生徒たちはそこで切断されるじゃん
11
28080
30580
だからみんな死んだ人は別の女だと思ってるけど
12
31020
32220
別じゃねえよ別に
13
33900
39440
15時22分に死亡といったら
14
40180
43580
20分と25分でその人が違っちゃったように思うんだけど
15
44020
45320
同じですよ見てりゃ
16
45320
46380
県に目の前で
17
47800
49000
完全に連続してるでしょ
18
50920
54360
福島と茨城と栃木の巣
19
54900
56360
三県の境に
20
56840
57820
山戸山って
21
57820
58620
山があるんですけど
22
59340
62480
山だから道路がこういう風に回って上がってくる
23
63180
66520
そうすると道路の途中が舗装してる
24
67340
69820
またしばらく行くと舗装がなくなって
25
70220
71740
またしばらく行くと舗装してる
26
72380
73880
で後でよく考えてみると
27
73880
75700
舗装してるとこ栃木県なんですよ
28
76740
78100
栃木県だけ舗装してる
29
79740
80880
ぐるぐるぐる
30
81300
81980
県境を
31
83440
84680
除雪もそうですもんね
32
85600
87100
除雪してないところは?
33
87820
88220
現れる
34
89360
91180
貧乏を売ったりの街がそこなんだ
35
93080
94580
言葉は物を切るんで
36
95380
98140
元々切れてるわけじゃないよって感覚が意外にないんで
37
98540
100300
そこの感覚は本当に
38
100840
102940
読むまで全く意識してなくて
39
103720
105520
もっと僕は極端だって言って
40
105520
107280
人間の体の名前つけたから
41
107720
109180
解剖が始まったんだって
42
109180
109520
なるほど
43
111020
114240
切るっていう実際の具体的な操作の逆に始めちゃうんですよ
44
114240
114740
うん
45
114740
114760
うん
46
116860
119020
そうすると今の生死の問題になって
47
119020
119940
生きる死になって
48
120560
122240
脳死の時は誰の問題になってくるんですよ
49
124320
130300
何章でしたっけ?
50
130700
131540
あと5分です
51
131540
131840
あと5分
52
132860
136060
6章の不確実な時代をどう生きるかってところで
53
136780
138000
新しいっていう字で
54
138000
141020
退屈な世界を変える方法っていうサブタイトルで
55
141460
144740
世の中見慣れたものばかりの場合は
56
144740
146020
自分が変わってないとか
57
146860
149020
伝わってないっていう証拠だよっていうところで
58
149020
152900
先生くらいになるともう結構知ってること
59
152900
155820
やっぱり多くなってくるのかなって思うんですけど
60
156520
158240
時々新しいことがあってね
61
158240
159680
仰天してますよ
62
160780
161740
嬉しいというか
63
161740
165300
今だとねやっぱり一番肝心なのは
64
165700
167900
やっぱり時代に遅れたなっていう感じですね
65
168280
170440
最近一番大きなあれだったのは
66
171620
173100
そういう時代を感じたのは
67
174140
175560
落合陽一の本だね
68
178760
179720
あれ読んでると
69
181240
183280
彼の日常を書いてるだけなんですけどね
70
183840
185480
全く時代が違ったなっていう
71
186880
187720
研究者として
72
188580
189480
もう全部ですね
73
190320
191740
だいたいツイッターをやめるって
74
191740
194620
十何年続けたツイッターをやめるってことを書いてるんだけど
75
195260
196940
俺ツイッターなんかやったこともないし
76
196940
197940
やろうと思ったこともない
77
197940
202880
それをやめるって話をずっと書かれても
78
203600
204600
分かるわけないでしょ
79
206200
206480
なるほど
80
207000
208120
ああいうのを見てるとね
81
208420
211080
すっかり世の中変わったんだなと
82
212900
213480
若い人が
83
214600
216600
触れてる現実が違うんだなって
84
216960
218340
しみじん分かってくるんで
85
220240
221640
こっちが年取ったなと
86
222040
223380
逆に実感するんですよね
87
228740
230240
今日は毎年のゴールデンですね
88
230860
232840
コウダテ狩りに行ってきます
89
233220
233880
去年は
90
233880
236680
マムシがいますね
91
239260
243580
マムシの色がコウダテに似てるからやっかいなんですよね
